3524,1,people,M1_Noun_predicative_144,F1_Noun_predicative_144,0,0,0,108635621,259127744,71844580,31390926,137684378,264861935
3313,1,brollies,F2_Noun_545,0,0,0,0,417906583,289592339,381884611,315631913,145014691,235634152
3421,1,hanger,M1_Noun_single_2syll_24,F2_Noun_single_2syll_24,0,0,0,121274773,111235373,169194527,151997177,282882188,47122173
3483,1,light,M2_Noun_single_1syll_116,F1_Noun_single_1syll_116,0,0,0,293052248,268614719,14683836,150687311,94528561,313630025
3550,1,room,M1_Noun_predicative_196,F1_Noun_predicative_196,0,0,0,167662,71680558,106637366,104458295,14352447,90784409
3417,1,hall,F2_Noun_phrase_1syll_251,M2_Noun_phrase_1syll_251,0,0,0,46714759,40167793,230292730,637571,51628836,284764055
3510,1,men,M2_Noun_attributive_129,0,0,0,0,230644264,259368257,251658334,309289829,125275682,165772664
3376,1,doorknob,F2_Noun_phrase_2syll_238,M2_Noun_phrase_2syll_238,0,0,0,326781500,250857736,96591748,405608575,26105294,322567475
3487,1,lightbulb,M2_Noun_attributive_300,F2_Noun_attributive_300,0,0,0,170629925,58276510,244858375,230953855,369645341,229764619
3501,1,mate,M2_Noun_single_1syll_113,F1_Noun_single_1syll_113,0,0,0,230644264,315432617,93716422,112430936,3568888,268614719
3326,1,carpet,M2_Noun_attributive_76,0,0,0,0,232815364,9545845848,311079986,50493080,212257003,73677388
3565,1,scale (weigh),F2_Noun_single_1syll_269,M2_Noun_single_1syll_269,0,0,0,273273071,112247432,297949574,211846078,45896520,35749240
3340,1,children,M1_Noun_predicative_137,F1_Noun_predicative_137,0,0,0,260971778,23479177,309725183,136231922,229226074,0
3322,1,carpet,M1_Noun_phrase_2syll_41,F1_Noun_phrase_2syll_41,0,0,0,286018523,316629386,197727128,122500636,9545845848,228523927
3591,1,wave,M1_Noun_phrase_1syll_185,F1_Noun_phrase_1syll_185,0,0,0,341825012,175283300,374279860,242000377,60011,90869516
3371,1,doorbell,F2_Noun_single_2syll_262,M2_Noun_single_2syll_262,0,0,0,26105294,414863434,203799691,405608575,322567475,175481372
3579,1,toilet,M2_Noun_single_2syll_125,F1_Noun_single_2syll_125,0,0,0,8717051,114518089,66768322,363933467,243653452,12522351
3314,1,brollies,F2_Noun_546,0,0,0,0,417906583,289592339,381884611,315631913,145014691,235634152
3499,1,mantelpiece,F2_Noun_single_3syll_72,M2_Noun_single_3syll_72,0,0,0,183646058,308555069,280872665,196039253,95868373,220080979
3450,1,lad,M1_Noun_phrase_2syll_90,F1_Noun_phrase_2syll_90,0,0,0,34482521,322204178,327311501,45740874,31586129,66600742
